main_keyword_lable:
ncm_threshold:1,low_threshold:1,need_node_nums:2,keyword:N,bType:main,intent:N
ncm_threshold:-308,low_threshold:1,need_node_nums:2,keyword:xiao3 ai4 tong2 xue2,bType:main,intent:xiao3 ai4 tong2 xue2

text_match_lable:
ncm_threshold:128,low_threshold:500,need_node_nums:1,keyword:xiao3 ai4 tong2 xue2,bType:main,intent:xiao3 ai4 tong2 xue2
ncm_threshold:102,low_threshold:500,need_node_nums:1,keyword:bian4 wei2 hong2 deng1,bType:mlc,intent:bian4 wei2 hong2 deng1
ncm_threshold:102,low_threshold:500,need_node_nums:1,keyword:bian4 cheng2 hong2 deng1,bType:mlc,intent:bian4 wei2 hong2 deng1
ncm_threshold:102,low_threshold:500,need_node_nums:1,keyword:bian4 wei2 zhi2 xing2,bType:mlc,intent:bian4 wei2 zhi2 xing2
ncm_threshold:102,low_threshold:500,need_node_nums:1,keyword:bian4 cheng2 zhi2 xing2,bType:mlc,intent:bian4 wei2 zhi2 xing2
ncm_threshold:102,low_threshold:500,need_node_nums:1,keyword:bian4 wei2 zuo3 zhuan3,bType:mlc,intent:bian4 wei2 zuo3 zhuan3
ncm_threshold:102,low_threshold:500,need_node_nums:1,keyword:bian4 cheng2 zuo3 zhuan3,bType:mlc,intent:bian4 wei2 zuo3 zhuan3
ncm_threshold:102,low_threshold:500,need_node_nums:1,keyword:bian4 wei2 you4 zhuan3,bType:mlc,intent:bian4 wei2 you4 zhuan3
ncm_threshold:102,low_threshold:500,need_node_nums:1,keyword:bian4 cheng2 you4 zhuan3,bType:mlc,intent:bian4 wei2 you4 zhuan3
ncm_threshold:102,low_threshold:500,need_node_nums:1,keyword:da4 dian3 sheng1,bType:mlc,intent:da4 dian3 sheng1
ncm_threshold:102,low_threshold:500,need_node_nums:1,keyword:da4 sheng1,bType:mlc,intent:da4 dian3 sheng1
ncm_threshold:102,low_threshold:500,need_node_nums:1,keyword:xiao3 dian3 sheng1,bType:mlc,intent:xiao3 dian3 sheng1
ncm_threshold:102,low_threshold:500,need_node_nums:1,keyword:xiao3 sheng1,bType:mlc,intent:xiao3 dian3 sheng1
ncm_threshold:102,low_threshold:500,need_node_nums:1,keyword:tui4 chu1 shi2 bie2,bType:mlc,intent:tui4 chu1 shi2 bie2
ncm_threshold:102,low_threshold:500,need_node_nums:1,keyword:tui4 chu1,bType:mlc,intent:tui4 chu1 shi2 bie2

mlc_freetalk_lable:

text_match_weight_lable:
row:15,col:64,weight_q:6,branch_q:4,out_q:10,norm:1,norm_in_q:6,norm_out_q:7
0.43823450803756714,0.1325361430644989,0.16221827268600464,0.008886158466339111,-0.22095385193824768,-0.14092504978179932,0.05190986394882202,-0.30104583501815796,-0.44960135221481323,-0.6212441921234131,0.40170055627822876,0.06829386949539185,0.07079631090164185,-0.1401057243347168,-0.0668669044971466,-0.3327777683734894,0.4755803048610687,-0.2275640368461609,0.0952412486076355,-0.06651842594146729,0.10593754053115845,-0.32772648334503174,0.6168642044067383,0.12472669780254364,-0.39700454473495483,0.4413447380065918,0.1389676332473755,0.11899679899215698,0.31449759006500244,0.044259220361709595,0.14688366651535034,0.0010373890399932861,0.043333351612091064,-0.23472867906093597,-0.11293047666549683,0.13584822416305542,0.3274022042751312,-0.30190134048461914,0.1862678825855255,0.19408893585205078,0.4379291534423828,0.11221849918365479,-0.12893545627593994,-0.2852991223335266,0.3034210801124573,-0.11108440160751343,0.007859230041503906,0.04361309856176376,0.43838852643966675,-0.07285529375076294,-0.12475556135177612,0.5611828565597534,-0.08869665861129761,0.1052854061126709,-0.06622931361198425,0.10455400496721268,0.4504467248916626,0.10521876811981201,0.013563111424446106,-0.1429760754108429,0.37046119570732117,0.13773322105407715,0.08068317174911499,0.31695684790611267
0.15636742115020752,0.03354901075363159,0.12097722291946411,-0.08093146234750748,-0.2239639312028885,-0.21383211016654968,0.0410495400428772,0.14291495084762573,-0.5339276790618896,0.19582724571228027,0.2637261152267456,0.33311524987220764,0.09576743841171265,-0.45179492235183716,-0.383195698261261,-0.48879173398017883,0.3218919634819031,0.12254422903060913,-0.008824199438095093,-0.19119799137115479,-0.4606223702430725,-0.011073529720306396,0.0620306134223938,-0.5218042135238647,-0.4118478298187256,0.45326071977615356,0.14454126358032227,0.24629271030426025,0.24568599462509155,-0.13354656100273132,0.09405332803726196,0.1950010359287262,0.034878432750701904,0.061573028564453125,-0.47335660457611084,-0.4705055356025696,0.17143860459327698,-0.03359842300415039,0.11567772924900055,0.23923122882843018,0.288196861743927,0.12199729681015015,-0.5730129480361938,-0.22310088574886322,-0.31980782747268677,0.003831341862678528,-0.08504873514175415,0.20388102531433105,-0.014462590217590332,0.26259398460388184,-0.26941245794296265,-0.05562549829483032,0.03916740417480469,-0.07170504331588745,-0.05704981088638306,-0.04358028620481491,0.41455382108688354,0.33043599128723145,0.08683593571186066,0.2024950385093689,0.09779928624629974,-0.40841683745384216,0.18035441637039185,-0.46897828578948975
0.23333054780960083,-0.1648194044828415,0.1171678900718689,0.1687682867050171,-0.2767868638038635,-0.03112214244902134,0.22353702783584595,0.12329548597335815,-0.5425988435745239,0.11739712953567505,-0.22274041175842285,0.14584392309188843,0.06286942958831787,-0.46784263849258423,-0.3077368140220642,-0.43114209175109863,0.35340651869773865,0.2676185965538025,0.009536325931549072,-0.2602883577346802,-0.2760050296783447,0.07524096965789795,0.08377790451049805,-0.46380728483200073,-0.36635708808898926,0.45379698276519775,-0.3040883541107178,0.21631371974945068,0.24322718381881714,-0.23815223574638367,-0.21898657083511353,0.32379311323165894,0.2398776412010193,-0.03633949160575867,-0.4477910101413727,-0.23683638870716095,0.17643965780735016,0.2902846932411194,-0.1662004590034485,0.08566868305206299,0.5037896633148193,0.09258824586868286,-0.5609753727912903,-0.14772722125053406,-0.05867946147918701,0.1463523656129837,-0.054530322551727295,0.1634383201599121,-0.012349486351013184,0.14759612083435059,-0.33183935284614563,-0.0038715600967407227,-0.1903270184993744,0.21139484643936157,0.27371513843536377,-0.12835225462913513,0.3564172387123108,0.1677575707435608,-0.07417842000722885,0.23535722494125366,-0.22275623679161072,-0.46839120984077454,0.3617421090602875,-0.42839473485946655
-0.3709997534751892,-0.013219654560089111,-0.06322276592254639,-0.07956515997648239,-0.18940973281860352,-0.10377777367830276,0.08238673210144043,-0.5449322462081909,-0.42371824383735657,-0.5434122681617737,0.4361220598220825,-0.1697494089603424,0.2253807783126831,0.20468801259994507,0.20951902866363525,-0.37493783235549927,0.4942295253276825,-0.001557767391204834,-0.30221277475357056,-0.26196712255477905,0.09208345413208008,-0.14501196146011353,-0.12293022871017456,-0.4363194704055786,-0.39597374200820923,0.46981024742126465,0.4869995713233948,-0.08061742782592773,0.0799713134765625,0.13385505974292755,0.1624012589454651,0.23131585121154785,-0.09091699123382568,-0.017782926559448242,-0.4943835139274597,-0.33849766850471497,0.028909914195537567,0.02676457166671753,0.2826135456562042,-0.09223231673240662,0.24103975296020508,0.002656996250152588,0.052919793874025345,-0.11328808963298798,-0.14307230710983276,-0.060852356255054474,-0.5367255806922913,0.5100120306015015,0.5941449999809265,0.13179171085357666,0.2651193141937256,-0.06869032979011536,0.4143032431602478,-0.21630781888961792,-0.02456343173980713,0.050901517271995544,0.569976806640625,0.27197331190109253,0.1615409255027771,-0.034938156604766846,-0.07716016471385956,0.03606414794921875,-0.09974399209022522,-0.006794095039367676
-0.39201784133911133,-0.3181344270706177,-0.049365803599357605,0.18624070286750793,-0.2553749978542328,0.024161944165825844,0.2737048268318176,-0.5315709710121155,-0.47881102561950684,-0.5656097531318665,0.024333417415618896,-0.28610047698020935,0.24780547618865967,0.19476428627967834,0.2471296489238739,-0.37936824560165405,0.5677478313446045,0.10587888956069946,-0.07380414009094238,-0.30138957500457764,0.38601040840148926,-0.05536860227584839,-0.02608710527420044,-0.4779990315437317,-0.36372101306915283,0.5001063942909241,-0.191331148147583,-0.11671996116638184,0.09529447555541992,0.030388690531253815,-0.1452575922012329,0.2788165509700775,0.21130847930908203,-0.014258325099945068,-0.4901946783065796,-0.14760228991508484,0.12328459322452545,0.4237401783466339,-0.014701547101140022,-0.31168603897094727,0.31269556283950806,-0.007039070129394531,0.0033298134803771973,-0.06575275957584381,0.11931055784225464,0.10212409496307373,-0.508445143699646,0.47592583298683167,0.5613003969192505,-0.13843059539794922,-0.059238433837890625,-0.03405582159757614,0.23920577764511108,0.06316977739334106,0.31635648012161255,-0.03174959495663643,0.45110780000686646,0.12881237268447876,-0.10386158525943756,-0.011053383350372314,-0.3006817698478699,-0.06557482481002808,0.11875361204147339,0.038099706172943115
0.62047278881073,0.041135966777801514,0.016142696142196655,-0.22064226865768433,-0.14369156956672668,-0.1385454535484314,0.0748138427734375,-0.22842562198638916,0.182586669921875,-0.47992902994155884,0.2944769859313965,-0.09495669603347778,0.1357552409172058,0.13250792026519775,0.20230025053024292,-0.23174865543842316,0.413851261138916,0.3771588206291199,-0.12119413912296295,-0.28814685344696045,-0.11667253077030182,-0.12953507900238037,-0.0035071372985839844,-0.5342897176742554,-0.23535364866256714,0.352962851524353,0.1693928837776184,0.17207962274551392,0.34183478355407715,0.17667940258979797,0.07031130790710449,0.21588635444641113,-0.1094437837600708,-0.013910055160522461,-0.5019234418869019,-0.361875057220459,0.06256194412708282,0.04689306020736694,0.22935155034065247,-0.06851959228515625,-0.21185189485549927,0.0168074369430542,-0.3666371703147888,-0.11315962672233582,-0.12880700826644897,-0.09165115654468536,0.33962976932525635,0.46677446365356445,0.6758900880813599,0.39435875415802,-0.08709146082401276,0.07570302486419678,0.019145190715789795,-0.2488214075565338,-0.31867021322250366,0.04625725746154785,0.45389193296432495,0.2949075698852539,0.3085525929927826,0.2516818642616272,-0.008845672011375427,-0.362742155790329,0.1805296242237091,0.16769453883171082
0.6240724921226501,-0.20746955275535583,0.05065011978149414,0.06667574495077133,-0.2252090871334076,0.02861942909657955,0.25122305750846863,-0.267245352268219,0.0720338225364685,-0.4438576400279999,-0.13965612649917603,-0.2432708740234375,0.10218286514282227,0.12526822090148926,0.24671366810798645,-0.17568063735961914,0.48062077164649963,0.5363124012947083,0.05733218789100647,-0.32812726497650146,0.053945884108543396,-0.08092767000198364,0.0589786171913147,-0.4919157028198242,-0.21187758445739746,0.27670568227767944,-0.36539459228515625,0.12428879737854004,0.33670538663864136,0.07443990558385849,-0.3178783655166626,0.32413166761398315,0.15638548135757446,-0.0831223726272583,-0.4502277374267578,-0.15219789743423462,0.11439427733421326,0.4148619771003723,-0.060208261013031006,-0.20433062314987183,-0.06836026906967163,0.013250112533569336,-0.40826013684272766,-0.0388665646314621,0.1269475817680359,0.055988769978284836,0.37687206268310547,0.4233655333518982,0.6852682828903198,0.30460530519485474,-0.3318939208984375,0.05057495832443237,-0.08534246683120728,0.04953598976135254,-0.03539052605628967,-0.008100952953100204,0.36609983444213867,0.16096603870391846,0.1614595651626587,0.2794080972671509,-0.32018929719924927,-0.40666306018829346,0.349565714597702,0.17786411941051483
0.421730637550354,0.08875900506973267,0.0013566315174102783,-0.25477245450019836,-0.1382865607738495,-0.16376274824142456,0.025571465492248535,-0.49392902851104736,0.13632768392562866,-0.3952144682407379,0.18292760848999023,0.22681951522827148,0.10573780536651611,-0.3966105580329895,-0.15731316804885864,-0.2928294241428375,0.4052513837814331,0.4519988000392914,0.10248519480228424,0.2962128520011902,0.013978034257888794,-0.06660115718841553,0.11060190200805664,-0.5475325584411621,-0.25927335023880005,0.34382158517837524,0.04234623908996582,0.06199592351913452,0.34949547052383423,-0.05101761221885681,0.420318067073822,0.17333832383155823,0.017023324966430664,0.08642071485519409,-0.523044228553772,-0.3244892954826355,0.1352117508649826,0.021054446697235107,0.19072815775871277,-0.04822492599487305,-0.41099631786346436,-0.03422635793685913,-0.3843083381652832,-0.053302377462387085,-0.21707630157470703,-0.04698203504085541,0.1591917872428894,0.3022361993789673,0.6598427295684814,-0.00468754768371582,-0.10471031069755554,-0.15268415212631226,0.07629972696304321,-0.024887025356292725,-0.17388688027858734,0.0688529759645462,0.37620222568511963,0.4172314405441284,0.12255030870437622,0.2651779055595398,-0.05599377304315567,-0.09816628694534302,-0.002767413854598999,0.2089814394712448
0.43033355474472046,-0.031046003103256226,0.019045710563659668,-0.012143820524215698,-0.24122872948646545,0.011525142937898636,0.18789538741111755,-0.4452354907989502,0.12111425399780273,-0.39407074451446533,-0.13152015209197998,0.03318369388580322,0.104289710521698,-0.4029293954372406,-0.052187561988830566,-0.24217668175697327,0.43263110518455505,0.5975218415260315,0.14097505807876587,0.22869336605072021,0.30262020230293274,0.018914759159088135,0.022357523441314697,-0.485512375831604,-0.22452032566070557,0.37541455030441284,-0.4513899087905884,0.04273238778114319,0.3600471019744873,-0.15743327140808105,-0.0172727108001709,0.26040276885032654,0.1989784836769104,-0.1716565042734146,-0.46345657110214233,-0.25031158328056335,0.12468060851097107,0.3515371084213257,-0.06759844720363617,-0.1470981240272522,-0.1374216079711914,-0.01552736759185791,-0.42508625984191895,-0.012527055107057095,-0.005190253257751465,0.04874640703201294,0.22358912229537964,0.13933658599853516,0.6463830471038818,0.04432809352874756,-0.2816404700279236,-0.09760119765996933,0.05224579572677612,0.2897072434425354,0.010052353143692017,0.03361319750547409,0.3013167381286621,0.21629220247268677,-0.016669705510139465,0.2785170078277588,-0.2641292214393616,-0.13694888353347778,0.09707039594650269,0.2255115658044815
-0.34629592299461365,0.2131749540567398,0.1416204571723938,-0.36655378341674805,-0.16319844126701355,0.2606056034564972,0.0814204216003418,-0.6843100190162659,-0.5917691588401794,0.16168725490570068,0.12523943185806274,-0.07670752704143524,-0.13951967656612396,-0.12674766778945923,-0.26364707946777344,-0.25124412775039673,0.4492107927799225,0.15436536073684692,0.11108329147100449,-0.07752543687820435,0.08127856254577637,0.016439318656921387,0.021033883094787598,-0.17733681201934814,-0.41664665937423706,0.08206754922866821,-0.08054232597351074,0.34564560651779175,0.08977639675140381,0.214518204331398,0.3827536702156067,-0.09344419836997986,0.17896580696105957,0.033709585666656494,-0.3287177085876465,0.5648667216300964,-0.3008694350719452,-0.022630393505096436,0.039824098348617554,0.15095391869544983,0.03739631175994873,-0.08584535121917725,-0.6663245558738708,0.06403025984764099,0.3971370458602905,-0.1752055585384369,-0.23951774835586548,0.1019701361656189,0.5292778015136719,-0.2899460792541504,0.12515084445476532,-0.046054959297180176,-0.07069131731987,-0.13579469919204712,-0.18469130992889404,0.0758252888917923,0.36426860094070435,0.30178335309028625,-0.15181870758533478,-0.0870366096496582,0.10695627331733704,-0.008784830570220947,0.0999712347984314,-0.2327675223350525
-0.3333032727241516,0.26441019773483276,0.048252105712890625,-0.09681177139282227,-0.01323532871901989,0.3165968656539917,-0.03290896117687225,-0.5784624218940735,-0.6902801990509033,0.10303318500518799,0.16671675443649292,-0.43124863505363464,-0.29759925603866577,0.312479168176651,-0.047270774841308594,-0.3113738000392914,0.6539763808250427,0.09843641519546509,0.07484316825866699,0.23199720680713654,-0.28919410705566406,-0.1731732040643692,-0.14576688408851624,-0.022929877042770386,-0.4750641882419586,-0.007822215557098389,-0.014287978410720825,0.04413050413131714,0.05094027519226074,0.16878361999988556,0.12803083658218384,-0.10649946331977844,-0.098412424325943,-0.06423893570899963,-0.2083759903907776,0.5244485139846802,-0.4363086521625519,0.010103464126586914,-0.03136932849884033,0.29080772399902344,0.31225913763046265,-0.10684958100318909,-0.5673912763595581,0.09434693306684494,0.14149200916290283,-0.1904006004333496,-0.11845993995666504,-0.49864494800567627,0.39584970474243164,-0.2041448950767517,0.08581680059432983,-0.22971314191818237,-0.06940169632434845,-0.16445904970169067,0.11404847353696823,0.027975931763648987,0.4093347191810608,0.08671481907367706,-0.028603048995137215,-0.09364724159240723,-0.12226417660713196,-0.17210626602172852,0.4020400047302246,-0.23277795314788818
-0.4403509199619293,0.23830439150333405,0.06755021959543228,-0.20248964428901672,-0.12858448922634125,-0.018145769834518433,0.07653538882732391,-0.7182859182357788,-0.5787289142608643,0.029364168643951416,0.09376466274261475,-0.27012404799461365,0.1637108027935028,-0.1036863923072815,-0.2563801407814026,-0.327892005443573,0.4802972674369812,0.22029393911361694,0.12177073955535889,-0.16917550563812256,0.23347347974777222,-0.34533700346946716,0.39921867847442627,0.1845349371433258,-0.36918628215789795,-0.11144059896469116,-0.019232869148254395,0.38008612394332886,0.05618923902511597,0.34666913747787476,0.18372508883476257,0.061763882637023926,-0.2891231179237366,0.19422730803489685,0.06543061137199402,0.0036069750785827637,0.08302342891693115,-0.3107724189758301,-0.029778242111206055,0.21195030212402344,-0.1657293438911438,-0.0294380784034729,-0.673578143119812,-0.11845654249191284,0.14276862144470215,-0.11033023148775101,-0.26981377601623535,0.15590402483940125,0.3878780007362366,-0.13760310411453247,-0.03480994701385498,0.03759261965751648,-0.30895867943763733,0.07637777924537659,-0.24276168644428253,0.048129480332136154,0.3892251253128052,0.20222637057304382,-0.3236180245876312,-0.0672987774014473,0.14958202838897705,-0.00894099473953247,0.004530727863311768,-0.31653496623039246
-0.29019299149513245,0.22323358058929443,0.15970760583877563,-0.036926522850990295,0.056193817406892776,-0.015038222074508667,-0.04599985480308533,-0.6244654655456543,-0.6063288450241089,0.21787428855895996,0.12215778231620789,-0.7429702877998352,-0.05344574898481369,0.2752513885498047,-0.457263708114624,-0.4093307852745056,0.6275453567504883,0.3337821960449219,0.01791021227836609,-0.05912595987319946,-0.29329872131347656,-0.32014572620391846,-0.04633358120918274,0.3344777524471283,-0.28081417083740234,-0.011325478553771973,-0.05401623994112015,0.11601415276527405,0.22900402545928955,0.27177613973617554,0.03865933418273926,0.04371535778045654,-0.23122911155223846,-0.3204410672187805,-0.17259034514427185,0.06421881914138794,-0.0989266037940979,0.08877655863761902,-0.00893932580947876,0.33171188831329346,0.21181535720825195,0.03652183711528778,-0.7167672514915466,0.21492494642734528,-0.1401301622390747,-0.1548462063074112,-0.3545592129230499,-0.015445947647094727,0.1752692461013794,-0.13377785682678223,0.09879446029663086,-0.2094188928604126,-0.32627877593040466,0.23369364440441132,0.014225989580154419,-0.05859088897705078,0.6750848293304443,0.26220038533210754,-0.21805258095264435,-0.28821584582328796,-0.15733100473880768,-0.20902447402477264,0.40211719274520874,-0.35042518377304077
0.068722665309906,-0.28980836272239685,0.2188296914100647,0.031161155551671982,-0.11111992597579956,-0.1346103847026825,0.31135138869285583,0.0037749409675598145,-0.24420315027236938,-0.5707358121871948,0.0013486742973327637,-0.18428196012973785,0.12835794687271118,0.1362406611442566,0.35799479484558105,-0.41029298305511475,0.6191932559013367,0.01862788200378418,-0.6042182445526123,-0.25042396783828735,0.0814228355884552,0.19870680570602417,0.015284121036529541,0.1278875470161438,-0.5623600482940674,0.02527517080307007,-0.4410367012023926,-0.4256444275379181,0.2568914294242859,-0.18795885145664215,-0.3264976143836975,0.2508017420768738,0.3162475824356079,0.214663565158844,-0.33328813314437866,0.08949427306652069,-0.10537967830896378,0.2000015377998352,-0.17010438442230225,-0.2303306758403778,0.4615819454193115,-0.002573549747467041,-0.22666281461715698,-0.17014437913894653,0.007933616638183594,0.33992743492126465,-0.2118295431137085,0.25229471921920776,0.2641472816467285,0.1454378366470337,0.02151167392730713,0.010443925857543945,0.1253623515367508,0.18937034904956818,0.3717767000198364,-0.0251045823097229,0.3302994966506958,-0.019146263599395752,0.19543400406837463,0.4117864668369293,-0.18936055898666382,0.31265395879745483,-0.1380574107170105,0.01618969440460205
0.4396180510520935,0.25616154074668884,-0.33479243516921997,-0.031086087226867676,0.11409077048301697,0.05104750394821167,0.0007451772689819336,-0.48212242126464844,-0.7104611396789551,0.31878799200057983,0.2767002582550049,-0.4239989221096039,-0.07049751281738281,-0.08594086766242981,-0.28652191162109375,-0.49351394176483154,0.7215560078620911,-0.02097904682159424,-0.17844140529632568,0.2899138629436493,0.2410062700510025,-0.04292556643486023,-0.22945070266723633,0.23758617043495178,-0.5631850957870483,0.08353972434997559,-0.293120801448822,0.10907670855522156,0.02372533082962036,0.03415701538324356,-0.009808428585529327,0.12020570039749146,-0.0425984263420105,0.1977522373199463,-0.2064003050327301,0.31189727783203125,-0.17838844656944275,-0.1608925759792328,-0.18522852659225464,0.11369640380144119,-0.11082923412322998,-0.0452490895986557,-0.38086581230163574,0.10480561852455139,-0.22186779975891113,0.12043116986751556,-0.24911630153656006,0.3724856376647949,0.07716584205627441,0.002051800489425659,-0.17842961847782135,0.5760781764984131,0.39682722091674805,-0.06787320971488953,-0.35631445050239563,-0.04565244913101196,0.3324846029281616,0.18575504422187805,-0.0064842477440834045,-0.07011669874191284,-0.09950870275497437,0.28565752506256104,0.09957057237625122,0.25468677282333374
